version https://git-lfs.github.com/spec/v1
oid sha256:e6d8dad69fd3dbcea6890bd661bb1972df6c5caa812dce94e0499cd3c5d90a0e
size 123
